90
5
1000000000000000000 1 1000000000000000000 1 1000000000000000000
6
1000000000000000000 1 1000000000000000000 1 1000000000000000000 1
1
1000000000000000000
3
1000000000000000000 1 1000000000000000000
3
1000000000000000000 2 1000000000000000000
8
390735043403972609 198171735347318656 168442975853539556 1 1 1 1 367279883053691394
9
114814715024113665 1 266773953321792554 896593521108058113 1 363739943771570177 319204028571324164 405267908480658178 986979467504648193
10
697819289602849896 811853229269188609 261811426558738433 1 213996592101317634 898047213347483518 1 307950813654180850 1 547314270891043034
8
712237626936483586 1 1 1 876171543386208018 125694427584625954 1 997623292000196540
8
775249684694778142 726910400903709442 497426981680991674 707177523281657857 1 807994616989862546 134598446202938042 88023671120961266
7
1 312608665295023170 287418611874840932 222195688229064498 1 1 588084661540093953
2
740122614611772256 484857158114408450
8
102764081352756298 519849053697207250 963283935020640148 655999571463800376 349843012401931614 136519402460545025 486222645163389922 284589383658293890
10
671167489812221074 1 550286591233359873 195487298676850689 520132653201892002 764714308373961146 1 885700023903915426 1 1
5
698783441344528385 632462776617019290 415043865150456098 917003143719421346 835047586135801857
2
44261451924648258 1
5
407695887922364417 1 1 723709743294543178 719060382188513442
7
1 326058649254558914 691735928954945537 921012803209482024 1 351481653658648577 11873983628594626
2
432546868528277754 1
10
1 604751579367017190 93564087719470030 194189887183224310 440266657192149672 1 222300562833979586 941183044546716496 382178749969072129 1
6
629234720736280577 1 1 1 873291740446162600 729784022357770241
6
606756407176482178 236335242232419044 1 91986476867668450 770873149550260598 496624325178120962
7
1 512464640081395713 626360592998460520 1 1 882913958756397668 416897693519603196
9
1 476780557961691448 919544464539862242 131716863362596865 532987912020557825 521465070668175266 1 408283745712865281 1
7
193681303868652194 1 175173467243496130 617450954716951482 1 1 952993350413167252
8
1 642108164253607960 632116244195049473 996364350878072898 1 775824432250224641 1 301471816324743169
2
13643032519215856 797411727326838785
8
732025476000347178 1 1 811027127157484150 543482163418890241 311728217721143297 1 1
3
344782445109837825 501298367523381602 195160006165175490
7
709796508299430634 1 335315622710777108 454672459446091777 1 122288339049512961 926490013517446324
2
226196963057406442 221869989086542144
8
950429221365076738 204630686874269730 443386850246918145 406063872697767714 86839114629278106 438032164125261944 715361632030556161 1
7
926335344172072961 536083920562945730 900469902378008577 140028368274587649 1 497050338148611676 1
2
538518314936468890 267888892197272322
5
1 562388231626686218 67311912020365208 467070784159350785 459568044715540481
8
1 1 1 450523363446152340 748528991572939706 779799094264856577 532929215840649217 777361661063366576
1
705074899307020154
7
353836985794115330 449580312687280129 1 58448871843818688 914353436400045058 726500733451501569 1
6
896593521108058113 1 370158551424887906 153492547753488596 335960660818697450 820456045789839361
7
3332025541422194 69984900721903340 510391882090807297 1 1 84629391695693178 33776997205278721
1
412759060893216914
6
614512999408048034 932712583710888312 1 1 929041189600405442 632891974634752482
2
208250869555134465 171318148731376610
9
1 291861968898752513 322554083490119986 950268534246392554 18947090824287474 1 292792497901236120 566799147218501633 1
3
698528183675256833 1 162004962223371578
5
363739943771570177 1 332261958806667265 1 450910298354318408
4
320852319704965746 418307044282867330 576706622220939330 1
5
212815582727792106 1 846087957815360076 1 1
6
218657774698233857 1 118828619605763170 173107658067534930 743885261611306914 1
10
1 557722894804147282 633142095714172840 966119370920516066 1 425774217184935937 609113214244618241 815426125836320769 46506106093043713 340725206070067201
2
903910184228285970 923344437871237930
2
269545462509681866 1
10
640757712670327106 1 15902055954120705 178642490263203778 595445215502033666 188566822363323558 87301903227157178 726961195078909953 1 207543329410865396
5
236603007881445377 1 192416313922106050 1 710673136312391988
7
1 675057633407393378 216172782113783809 459924694464268334 376893572346281985 491729331677391330 1
2
1 337089816865756978
3
1 633075056941330410 278768366493633066
9
625594648079445650 1 21213120329848940 1 1 33463084297047936 1 824630060676117850 890842307760733866
2
1 1
5
332261958806667265 539842289275097394 470116415476033338 1 785596491173986305
1
382069852021128754
5
319951657356426586 1 649932377267372033 193845886895259649 382145547926441058
10
911702127435163298 919200020184170497 629802731969193800 214565720323784705 752751064138744466 844280381021085470 558438245281185122 803827812371362690 1 800683399950533116
8
146168287168428354 39218154250413610 1 1 286106688098082446 1 1 1
9
7992679594765682 560401719424712705 823080607631540225 43531536462774273 1 781822668678654412 1 960548344817516545 582439006982373377
2
1 384099765608251393
7
277211732372881409 1 1 1 997522281785249682 1 904760953615347650
7
1 99482881711218502 110758956854244954 532972882385561602 269209426223954786 1 692719501078691841
2
1 413261815835702482
7
142929570052642690 1 1 1 618519789138117714 738928173583171585 283841560598916222
4
390642558916988758 284359229454942209 1 216355679714700242
5
205931419147524082 566302532659436930 328741295966799938 541033086961568420 348605559934296042
10
654216272501845306 493518849170735105 169763582289752030 385845299401217186 1 804653875531183620 731053249453359105 592163527143298130 618843183315943425 712323131647197185
3
429717413107338356 134538903334110386 20283717989433345
6
1 495114950447931130 1 250370085363009426 909499315992166282 590299565591410170
1
938116230333333505
8
870399848739821482 1 442526158649003978 60183661705166849 201557168502413844 610446624681387970 1 1
5
1 98842082395333706 756803002835402753 370765279263719425 613024448555161010
9
1 1 342308806958410094 728573379637258774 1 747152325465334722 167761119377165586 1 1
4
49267951729076968 760860961437748882 655297861982103636 660876409612193281
3
909912251331740158 569182351835483428 1
7
333869020596666369 6397728811979040 1 172594419336424930 177669461656731649 1 662568122950452206
2
605464042816952034 976260466797707990
8
16369676197128242 1 1563133690465226 334919618394720048 1 1 939321526675832833 1
7
1 90000308511524246 405926614634594305 438598265528602842 608722715048219778 460474282729260538 1
2
999002799539516044 1
6
1 606897162064460754 667621929307846454 1 77343148319594034 739795635231260673
7
183932554766450689 1 181217845566935746 1 387699569972263806 233873226774085633 1
5
1 911808251956326130 50425668017032620 755955756235699056 1
10
343961506547499009 313438794829004801 352475996053862778 272099005657539174 217944733382964692 154212908086605762 708937501870916322 375281163431057954 1 355002792566849537