5
1000000000000000050 1 1000000000000000001 1 999999999999999999
5
1000000000000000050 1 1000000000000000001 2 999999999999999999
3
1 1 999999999999999999
3
1000000000000000001 1 999999999999999999
5
1000000000000000000 1 1 1 999999999999999999
6
390735043403972609 198171735347318656 168442975853539556 1 2 367279883053691395
11
114814715024113665 1 266773953321792554 896593521108058113 1 363739943771570177 319204028571324164 405267908480658177 1 1 986979467504648192
10
697819289602849896 811853229269188609 261811426558738433 1 213996592101317634 898047213347483518 1 307950813654180849 1 547314270891043035
8
712237626936483586 1 1 1 876171543386208018 125694427584625953 1 997623292000196541
9
775249684694778142 726910400903709442 497426981680991674 707177523281657857 1 807994616989862545 1 88023671120961267 134598446202938041
7
1 312608665295023170 287418611874840932 222195688229064498 2 1 588084661540093952
3
1 484857158114408451 740122614611772255
9
102764081352756298 519849053697207250 963283935020640148 655999571463800376 349843012401931614 136519402460545024 1 284589383658293891 486222645163389921
10
671167489812221074 1 550286591233359873 195487298676850689 520132653201892002 764714308373961146 1 885700023903915425 1 2
7
698783441344528385 632462776617019290 415043865150456098 917003143719421345 1 1 835047586135801856
3
1 2 44261451924648257
7
407695887922364417 1 1 723709743294543177 1 1 719060382188513441
9
1 326058649254558914 691735928954945537 921012803209482024 1 351481653658648576 1 1 11873983628594625
3
1 2 432546868528277753
11
1 604751579367017190 93564087719470030 194189887183224310 440266657192149672 1 222300562833979586 941183044546716495 1 2 382178749969072128
5
629234720736280577 1 2 729784022357770242 873291740446162599
7
606756407176482178 236335242232419044 1 91986476867668449 1 496624325178120963 770873149550260597
9
1 512464640081395713 626360592998460520 1 1 882913958756397667 1 1 416897693519603195
10
1 476780557961691448 919544464539862242 131716863362596865 532987912020557825 521465070668175266 1 408283745712865280 1 1
7
193681303868652194 1 175173467243496130 617450954716951482 2 1 952993350413167251
8
1 642108164253607960 632116244195049473 996364350878072898 1 775824432250224640 1 301471816324743170
3
1 797411727326838786 13643032519215855
8
732025476000347178 1 1 811027127157484150 543482163418890241 311728217721143296 1 2
5
344782445109837825 501298367523381601 1 1 195160006165175489
9
709796508299430634 1 335315622710777108 454672459446091777 1 122288339049512960 1 1 926490013517446323
3
1 221869989086542145 226196963057406441
9
950429221365076738 204630686874269730 443386850246918145 406063872697767714 86839114629278106 438032164125261943 1 2 715361632030556160
8
926335344172072961 536083920562945730 900469902378008577 140028368274587649 1 497050338148611675 1 1
3
1 267888892197272323 538518314936468889
7
1 562388231626686218 67311912020365208 467070784159350784 1 1 459568044715540480
9
1 1 1 450523363446152340 748528991572939706 779799094264856576 1 777361661063366577 532929215840649216
3
1 1 705074899307020153
8
353836985794115330 449580312687280129 1 58448871843818688 914353436400045058 726500733451501568 1 1
7
896593521108058113 1 370158551424887906 153492547753488595 1 820456045789839362 335960660818697449
9
3332025541422194 69984900721903340 510391882090807297 1 1 84629391695693177 1 1 33776997205278720
3
1 1 412759060893216913
5
614512999408048034 932712583710888312 2 632891974634752483 929041189600405441
3
1 171318148731376611 208250869555134464
10
1 291861968898752513 322554083490119986 950268534246392554 18947090824287474 1 292792497901236120 566799147218501632 1 1
3
698528183675256834 1 162004962223371577
5
363739943771570177 1 332261958806667266 1 450910298354318407
5
320852319704965746 418307044282867329 1 2 576706622220939329
4
212815582727792106 1 846087957815360077 1
7
218657774698233857 1 118828619605763170 173107658067534929 1 2 743885261611306913
11
1 557722894804147282 633142095714172840 966119370920516066 1 425774217184935937 609113214244618241 815426125836320768 1 340725206070067202 46506106093043712
3
1 923344437871237931 903910184228285969
3
1 2 269545462509681865
10
640757712670327106 1 15902055954120705 178642490263203778 595445215502033666 188566822363323558 87301903227157178 726961195078909952 1 207543329410865397
5
236603007881445377 1 192416313922106051 1 710673136312391987
8
1 675057633407393378 216172782113783809 459924694464268334 376893572346281985 491729331677391329 1 1
2
1 337089816865756979
5
1 633075056941330409 1 1 278768366493633065
11
625594648079445650 1 21213120329848940 1 1 33463084297047936 1 824630060676117849 1 1 890842307760733865
2
1 2
5
332261958806667265 539842289275097394 470116415476033339 1 785596491173986304
3
1 1 382069852021128753
7
319951657356426586 1 649932377267372033 193845886895259648 1 1 382145547926441057
10
911702127435163298 919200020184170497 629802731969193800 214565720323784705 752751064138744466 844280381021085470 558438245281185122 803827812371362689 1 800683399950533117
6
146168287168428354 39218154250413610 1 1 286106688098082447 2
11
7992679594765682 560401719424712705 823080607631540225 43531536462774273 1 781822668678654412 1 960548344817516544 1 1 582439006982373376
2
1 384099765608251394
7
277211732372881409 1 1 1 997522281785249683 1 904760953615347649
7
1 99482881711218502 110758956854244954 532972882385561602 269209426223954787 1 692719501078691840
2
1 413261815835702483
9
142929570052642690 1 1 1 618519789138117714 738928173583171584 1 1 283841560598916221
4
390642558916988758 284359229454942208 1 216355679714700243
7
205931419147524082 566302532659436930 328741295966799938 541033086961568419 1 1 348605559934296041
11
654216272501845306 493518849170735105 169763582289752030 385845299401217186 1 804653875531183620 731053249453359105 592163527143298129 1 712323131647197186 618843183315943424
5
429717413107338356 134538903334110385 1 1 20283717989433344
7
1 495114950447931130 1 250370085363009425 1 590299565591410171 909499315992166281
3
1 1 938116230333333504
8
870399848739821482 1 442526158649003978 60183661705166849 201557168502413844 610446624681387969 1 2
7
1 98842082395333706 756803002835402753 370765279263719424 1 1 613024448555161009
8
1 1 342308806958410094 728573379637258774 1 747152325465334722 167761119377165587 1
5
49267951729076968 760860961437748881 1 660876409612193282 655297861982103635
4
909912251331740158 569182351835483427 1 1
7
333869020596666369 6397728811979040 1 172594419336424930 177669461656731650 1 662568122950452205
3
1 976260466797707991 605464042816952033
7
16369676197128242 1 1563133690465226 334919618394720048 2 2 939321526675832832
8
1 90000308511524246 405926614634594305 438598265528602842 608722715048219778 460474282729260537 1 1
3
1 2 999002799539516043
5
1 606897162064460754 667621929307846455 739795635231260674 77343148319594033
8
183932554766450689 1 181217845566935746 1 387699569972263806 233873226774085632 1 1
6
1 911808251956326130 50425668017032620 755955756235699055 1 1
10
343961506547499009 313438794829004801 352475996053862778 272099005657539174 217944733382964692 154212908086605762 708937501870916322 375281163431057953 1 355002792566849538
